NODE_7_length_94053_cov_10.730085	yqiL_2	100.000	434	0	0	47921	48354	434	1	0.0	802
NODE_7_length_94053_cov_10.730085	yqiL_146	99.770	434	1	0	47920	48353	434	1	0.0	797
NODE_7_length_94053_cov_10.730085	yqiL_140	99.770	434	1	0	47921	48354	434	1	0.0	797
NODE_7_length_94053_cov_10.730085	yqiL_138	99.770	434	1	0	47921	48354	434	1	0.0	797
NODE_7_length_94053_cov_10.730085	yqiL_133	99.770	434	1	0	47921	48354	434	1	0.0	797
NODE_7_length_94053_cov_10.730085	yqiL_109	99.770	434	1	0	47921	48354	434	1	0.0	797
NODE_7_length_94053_cov_10.730085	yqiL_71	99.770	434	1	0	47921	48354	434	1	0.0	797
NODE_7_length_94053_cov_10.730085	yqiL_55	99.770	434	1	0	47921	48354	434	1	0.0	797
NODE_7_length_94053_cov_10.730085	yqiL_53	99.770	434	1	0	47921	48354	434	1	0.0	797
NODE_7_length_94053_cov_10.730085	yqiL_34	99.770	434	1	0	47921	48354	434	1	0.0	797
